-6.4526 -10.9990
3.6201 1.9338
-4.9176 -10.2630
-5.4045 -8.9414
-4.8982 -9.1348
-2.6142 -10.4360
5.4527 -0.5574
-4.1041 -8.8656
-4.2862 -10.1040
4.5787 -1.3804
-5.6324 -8.8421
-4.9889 -7.8446
-4.1000 -11.5060
3.9209 0.2725
-5.4168 -8.6775
5.2012 0.9399
-7.1831 -8.7091
3.7845 1.8908
4.6826 -0.0393
3.9051 -0.2542
4.8013 -0.6472
4.1821 -0.2563
5.2697 -1.2633
-4.4188 -9.7109
-4.2628 -8.2398
3.2434 -0.7520
6.0318 0.6519
3.6806 -0.3416
4.8416 -0.4834
-6.0454 -10.1220
3.1869 0.2462
-6.1323 -7.3250
-5.3873 -6.5617
3.8207 2.0342
-3.5239 -9.6304
-5.1135 -9.0112
5.4670 0.0078
3.0333 1.1215
-5.2831 -8.7541
-5.8315 -9.2038
4.9985 -0.5292
-2.7208 -9.4573
4.3644 -0.7368
-5.4619 -9.2650
-3.4840 -9.6869
3.4005 0.4327
2.5231 0.4320
-2.7637 -10.8180
2.2439 -1.5230
-6.7281 -9.1888
-5.3983 -9.3080
-6.3627 -8.1260
2.9626 1.8686
-5.2654 -10.0180
-4.1775 -8.9439
-6.7564 -9.2429
-4.5746 -8.3339
3.9283 -2.6899
-3.9573 -7.1069
-3.9964 -8.4961
-4.5935 -9.9815
5.6611 -1.5432
-6.3448 -7.0486
-5.6100 -9.6499
-5.3076 -8.8855
4.6045 0.3360
-3.9564 -10.1450
-5.5515 -8.2722
-5.6486 -10.7130
3.6044 -0.1280
-5.8028 -9.5123
-6.7132 -9.0389
-5.6539 -10.0000
3.4556 0.4369
-5.9402 -7.6507
-3.5776 -9.2967
-5.6788 -10.3310
2.2333 0.4523
-5.6295 -8.8412
4.9293 0.6355
-4.4163 -9.0669
4.7087 -0.9938
-6.2697 -9.4382
2.9692 0.6400
-4.3278 -10.3870
4.8095 0.0795
4.2748 -0.6181
5.6399 -1.2355
-7.7633 -9.4835
-5.4910 -9.4572
-5.1106 -8.1310
-5.6960 -9.6577
-6.0650 -9.0359
3.3132 1.7783
3.4532 -1.3521
-4.0349 -9.2167
-4.7034 -8.4298
-5.2171 -10.6850
2.9277 0.2429
4.3313 -0.4369
3.7883 -1.7519
5.3486 -1.3988
5.5994 -0.2617
5.0600 -1.0253
1.9594 1.7880
2.0478 -0.9090
4.3153 -1.7317
-3.2173 -8.8164
-6.7383 -8.2068
3.3804 -0.2122
3.8092 0.1825
3.2023 0.7654
-3.3338 -9.3617
4.3481 -1.0756
-3.9822 -7.6412
-5.9008 -8.9798
2.2508 1.3540
-5.8635 -9.8520
2.3705 0.0832
-5.1846 -9.6816
-5.5714 -7.7970
4.4059 0.3734
5.0303 -1.3946
-3.4326 -9.2106
-5.3282 -10.1320
-6.7513 -10.4610
3.6592 0.8229
4.4134 0.4290
-3.7824 -7.7890
-6.5583 -7.9659
-5.6582 -9.0906
-6.3770 -10.1190
4.4409 -0.1183
4.1740 0.0730
5.5638 -0.8503
-7.1898 -9.2670
4.3102 0.3519
-4.8967 -7.8088
-4.4273 -9.7026
-6.4380 -7.9145
3.6250 0.4931
-6.1946 -9.5581
2.6599 -1.1292
-5.4011 -9.4622
2.2959 0.8793
3.5756 0.8428
-3.4571 -8.8808
2.0480 -0.1437
-7.8137 -8.7304
3.7463 -0.1205
-2.2984 -10.8620
4.5803 -1.2771
3.8236 -0.8125
-4.4725 -9.3385
-3.3275 -9.9089
-5.0358 -11.5010
4.2032 -0.0580
4.0986 2.0025
-4.6897 -9.6438
-6.9031 -9.4524
2.9818 -0.8912
3.5208 1.0290
-5.6555 -10.4960
4.8257 1.2392
-5.6341 -9.2165
3.2717 -0.4806
3.2556 -0.8778
3.6145 0.5421
-5.8999 -11.1730
4.1689 -0.3993
-4.8353 -9.2585
-5.3757 -9.6335
2.9376 -0.0642
-4.3094 -8.7052
-4.6284 -8.6439
-4.4650 -8.2614
4.6498 0.0068
-4.6909 -8.5520
-4.3222 -9.5375
-6.0823 -8.0904
-3.7973 -9.4507
-4.2199 -6.8444
-4.7277 -9.0183
4.9613 -0.9842
4.5198 -0.3022
-6.7864 -9.8201
5.1557 1.6447
-4.7489 -10.0280
-6.7957 -8.0744
-4.1624 -7.3770
4.4099 -1.6630
4.4131 -1.1265
-6.0941 -9.7898
5.5409 0.1182
5.1073 0.4728
-4.7186 -8.6578
3.9297 -0.8558
-3.6931 -7.6000
-5.1655 -9.4282
4.7989 0.7980
4.4923 2.1031
-4.1328 -9.3306
4.8870 -0.7265
-3.8310 -8.2662
3.9763 -0.8927
4.8156 1.7352
-5.2640 -10.5650
3.6362 -0.6200
3.6693 -1.6271
5.5007 -1.3029
-4.5436 -7.6310
2.7500 -1.5258
2.5655 0.2972
3.0400 0.6189
2.5833 0.0607
-5.1625 -10.0650
3.4530 0.4981
3.3897 -0.8534
-6.4944 -7.3997
-4.5388 -9.1861
3.3287 0.4947
-3.2775 -11.0240
4.1450 -1.9006
-3.9881 -9.5497
-4.7053 -8.6848
4.5134 0.6905
3.8974 0.0369
-6.0453 -11.0570
-2.9976 -9.7204
4.7305 -0.6037
4.7393 2.0763
4.4251 2.9369
3.2307 1.1040
3.4872 0.6417
5.7450 0.4924
-4.4301 -8.8086
-5.7598 -9.3526
4.8829 -1.5540
-7.9342 -9.3899
3.2982 -0.5049
-4.7962 -8.9446
-4.6633 -9.1814
-5.7235 -10.4760
4.1865 0.3824
3.4222 -0.2554
3.0651 0.1827
-7.8649 -8.9233
4.2723 -1.3225
-4.3152 -10.9690
-4.7635 -10.2270
-4.7019 -8.8334
5.1236 -0.0926
-5.4497 -8.4248
3.6052 -1.8193
-6.5318 -10.0000
5.4377 1.5539
-4.6058 -8.8538
-3.7148 -8.4327
3.7534 -0.7136
-5.5318 -9.6725
3.2278 2.4756
-5.4271 -8.8037
-5.5627 -10.1040
5.6303 0.0370
4.8569 -0.6134
-5.7850 -9.3409
-3.4548 -10.7390
-6.2731 -10.9470
-6.9121 -8.3101
-5.6916 -9.0494
-4.9471 -9.4020
3.7779 1.7780
3.8629 0.7069
4.9162 0.1948
-5.0051 -7.2312
3.7298 0.2098
4.0767 -1.1471
-5.6167 -9.2057
-5.8930 -10.0750
4.1837 -0.3719
4.1290 1.1313
3.7904 -1.2477
4.9131 0.7999
2.6795 -0.1129
3.2722 1.2487
2.9392 1.4662
4.4930 -0.5311
4.7925 -0.4357
3.6462 -0.7186
-4.1997 -8.9755
4.0718 2.1168
-4.0867 -11.0850
-5.0694 -8.3548
-5.1101 -8.6392
3.7755 -0.1008
-5.1781 -7.4732
3.6439 -0.1496
-4.1536 -10.9510
2.7907 0.4731
6.5130 -0.1919
-3.8457 -10.3060
3.7238 -0.4407
5.9561 -0.7577
3.8423 -0.0203
4.1948 -0.0839
4.0345 -0.4191
4.1673 -1.1548
-5.0132 -9.3268
2.8880 -0.6600
-6.1474 -9.5350
3.0487 -1.8317
-3.0303 -8.3687
-3.9475 -9.4956
-6.0603 -9.6593
-5.6107 -9.8902
2.7370 0.6545
-4.6790 -10.7980
3.5972 -0.2322
5.5574 0.9855
2.8013 0.4423
4.4008 0.9096
-4.3933 -9.2472
-3.0657 -8.8302
3.0629 0.1923
4.7827 -2.2367
4.0800 0.2618
-5.9400 -8.8797
-5.2164 -8.6943
3.5017 -0.9691
5.0300 1.3901
2.4792 0.1239
4.8420 -0.2384
-5.8042 -9.0820
5.1479 -1.0609
-3.1416 -11.0420
3.4756 0.6131
-6.8710 -9.4465
-6.2924 -8.9047
-5.4739 -10.2600
-4.0771 -7.7401
4.8272 -0.5104
-4.3547 -8.1077
3.6132 0.6860
-6.0714 -7.2627
1.6538 -0.2435
5.8982 -0.0841
-5.1742 -8.3945
4.5312 -1.6120
3.5997 0.3444
3.6206 -1.6625
-3.7697 -8.4758
2.8700 -0.1494
4.4324 0.0442
-4.1793 -10.1690
4.5861 -1.1847
-6.6927 -9.5887
5.0064 1.0140
3.3813 0.3740
3.4696 -0.4712
-2.9498 -11.5060
5.1126 -0.3413
-6.2292 -9.8495
-6.1935 -9.0495
-6.0508 -8.5296
4.9026 -2.1529
1.4617 1.2623
2.4877 -0.4046
-6.4415 -8.9051
3.7055 1.8774
-5.7389 -10.5510
5.9485 -0.4847
3.1735 -0.0895
-3.8014 -8.9647
3.0524 1.4004
-4.5498 -10.2850
-4.4560 -9.2675
-5.9915 -8.2832
4.6159 -0.3801
-5.2162 -7.9543
-5.7034 -8.6531
-4.0208 -9.5123
-3.3948 -10.0390
-4.2953 -7.5458
3.4826 0.2303
3.9503 -1.4599
5.1073 1.4502
3.9653 0.9511
-4.5921 -9.2157
-5.3602 -7.9533
3.4272 -0.3624
-4.9477 -9.5255
-3.6800 -10.3960
4.4727 2.7954
-4.0514 -6.8015
4.0904 -1.0441
-2.9696 -8.9229
3.1735 0.2327
-4.6249 -10.4710
2.3246 0.5607
3.2140 0.4743
-5.2062 -9.5123
-5.3279 -8.5224
4.9045 1.0494
4.3409 -0.4867
-5.7348 -8.7639
-4.5345 -8.4817
-5.5849 -9.3801
3.4349 0.0162
4.2768 0.2568
4.0748 -0.0939
4.9293 1.5146
-6.1660 -9.9733
4.2353 -0.0668
4.4105 1.5993
-3.6118 -9.4024
3.3701 0.5998
3.1584 -0.7809
3.7980 -0.5676
-5.2015 -10.5430
2.7219 0.3192
3.5220 -0.7460
-4.9279 -10.7890
4.5797 -0.1619
-5.5361 -9.2609
-6.1446 -9.3279
3.7675 1.4707
4.0679 1.5420
3.5711 -0.2704
-4.4847 -7.4857
4.1338 -0.2155
-6.6436 -8.4561
-5.3671 -10.3830
-4.7897 -8.1111
2.2609 -1.2395
1.6464 0.3221
3.5092 -0.5702
2.9121 -0.8296
3.2716 -0.8710
4.7918 1.5963
3.1732 1.1758
2.8274 0.0234
-4.5865 -8.8104
-5.1764 -9.7820
-5.8865 -9.7826
2.6325 -0.6173
3.9516 -0.2957
2.9396 -0.2812
-6.1807 -9.5828
3.2145 -0.0404
5.2290 1.0360
3.1541 0.0531
4.8392 -0.5619
5.5830 -1.2178
4.1385 1.5726
4.4198 -1.3553
-5.5344 -7.7788
-5.7567 -8.6216
3.8671 0.1424
5.7972 -0.6392
3.3323 1.1780
3.5741 -0.9403
-5.0785 -9.5415
-5.2087 -8.8491
-4.1791 -10.0520
4.1978 1.1235
2.6197 -0.2484
3.3301 0.6683
4.0461 -0.6446
4.5324 0.2827
3.1997 1.2648
4.1442 2.1901
4.9769 0.0117
4.8323 0.0278
-5.6678 -9.4577
4.1664 -0.4926
-5.3424 -8.6651
-6.0235 -7.7502
4.4707 -0.5739
-6.8470 -9.7880
4.6538 0.8399
3.3001 1.6666
3.7771 -0.4350
3.4613 0.7819
-6.0333 -10.2260
-4.5316 -9.7135
4.0829 -0.0772
-5.2987 -10.7240
5.0782 -1.5013
1.8152 1.3154
2.8176 0.1270
4.3741 1.0014
-5.4542 -7.9792
4.5049 0.1364
3.0911 0.5980
-4.7880 -9.1627
4.5122 0.1224
-4.3088 -9.6490
3.6728 0.7330
2.6421 0.1439
4.2338 0.2293
-6.0288 -8.6601
3.9034 -1.3379
4.6645 1.0328
-5.5914 -8.4198
-3.4554 -10.1950
-6.3089 -8.3541
-6.1281 -8.4003
4.3288 0.6825
5.8068 0.0752
-5.1746 -9.5536
3.3208 1.1195
-5.3852 -8.0170
-4.2817 -10.2160
-3.7169 -7.5592
4.8236 0.9876
-5.1461 -9.5231
3.4333 -1.7336
2.0491 0.9233
-3.8981 -8.8568
-5.5188 -9.4993
4.4387 1.3939
-4.3484 -7.9878
-4.3706 -10.3220
-4.6132 -11.2860
-5.7668 -8.9795
-5.7739 -9.0867
-4.2920 -9.7575
-6.3019 -9.3867
-5.0778 -10.5590
-3.9198 -9.5080
5.3408 -1.0571
3.2953 1.6465
3.0408 -0.3654
4.2828 -0.9641
2.8009 -0.3163
3.1672 0.3124
2.5534 -0.2430
-4.7929 -7.7914
-4.6365 -9.5503
-4.8283 -8.7929
-5.9360 -6.9315
-3.1506 -7.7650
-7.4243 -8.5414
2.2447 -0.6222
4.3485 -0.9044
5.0456 -0.6889
-5.0314 -9.3692
2.2779 -0.5037
3.5829 0.7121
-4.4005 -10.3600
3.3292 -0.6531
-5.6681 -6.5268
-5.7063 -9.0000
-4.6219 -10.2010
-6.4463 -9.0312
4.4521 0.4095
-6.0160 -8.7167
6.6900 0.2325
4.0961 0.6991
4.8688 0.5790
-6.3723 -8.4848
-3.7440 -9.9735
-6.7241 -8.5258
-5.5591 -9.8172
-3.9231 -8.4123
-6.0489 -9.8463
-5.4885 -10.4140
4.0471 -0.3106
3.1981 0.1264
3.1603 0.4896
4.4672 0.3020
-6.6508 -7.6748
3.6381 1.0514
4.8833 1.6435
-4.6591 -9.9070
-4.4833 -9.4028
-4.4538 -7.4246
-7.4555 -9.2918
-3.5870 -10.5870
-4.6078 -9.1805
2.9787 0.8726
-4.3965 -9.7148
-4.9768 -9.2599
-4.0419 -9.0830
-4.7337 -9.3815
-5.3359 -9.2266
-5.7819 -7.4738
3.6694 0.8920
3.8147 -1.4343
4.1152 -0.1139
-6.0193 -9.9440
-5.4241 -8.4491
-4.0805 -7.2227
-6.0273 -9.8929
-4.8513 -9.1970
-4.9014 -11.4750
-5.2907 -9.2241
4.8905 -0.8047
3.2247 1.4181
3.2797 0.5174
4.0851 2.0269
4.7236 -0.2766
-6.2744 -9.5677
2.9690 -3.3558
4.7725 -0.9504
3.7699 -1.3748
-4.6071 -9.9433
3.8450 -0.7467
-6.0229 -7.7587
-4.3074 -7.5551
-3.6292 -8.0767
2.0394 0.8906
-4.8814 -9.6895
3.1632 -1.1952
4.5247 0.3986
-4.4976 -8.0271
-5.3423 -9.8294
4.6810 2.5075
-3.9129 -10.0690
4.0024 0.2961
-6.1084 -10.4530
-8.6701 -8.1263
-6.1941 -10.1260
-5.0638 -9.6784
-4.3306 -10.1070
3.7073 0.3450
-4.0931 -8.9117
3.6270 -0.6845
3.9826 -0.1506
-5.9050 -10.6450
3.6300 1.0147
-5.7589 -11.5390
-6.0069 -9.1787
4.3919 0.6037
3.3048 2.0600
-6.1649 -9.7444
-5.6965 -7.4265
-6.0162 -7.5185
3.9819 0.8930
4.5270 0.8427
2.8497 1.2911
-4.2945 -10.9890
3.7795 -0.8228
3.5137 0.1727
4.3215 -0.6231
-4.9036 -9.4335
-3.8880 -10.0980
-4.4301 -9.6116
-2.7390 -7.4543
2.9490 -0.1592
4.9828 -0.9402
2.9164 1.4367
2.4133 1.5615
3.9297 -0.6711
-4.7752 -8.1679
3.0090 -0.1263
3.8009 -0.0460
3.3525 1.2952
-6.0344 -9.3796
-3.7290 -10.0940
4.6426 -1.1111
-7.3686 -8.4056
4.3998 1.9040
-7.3309 -8.6995
3.6781 -0.0725
-5.9925 -9.8669
5.5863 1.0545
3.3529 -0.2803
4.8543 -0.2024
3.5676 0.5392
3.2489 -0.3104
3.7336 0.8224
-4.8937 -10.6100
3.0246 0.2248
-6.7874 -6.5321
2.6891 -0.4071
-5.7437 -10.3050
-4.3593 -9.0962
3.3442 -0.9443
-5.7830 -9.4219
-4.3148 -8.8281
-5.2251 -9.1125
3.2889 1.2908
-3.9182 -8.4838
-6.4092 -10.1110
3.7986 0.9392
-3.9643 -9.2454
-6.1000 -8.7711
-7.1248 -10.0510
-5.4569 -9.8707
4.0803 0.8091
-7.9374 -9.3595
4.5348 -0.0485
-5.7986 -8.8366
3.9257 -1.4158
-5.6534 -8.8630
4.3835 -0.4170
-6.3442 -8.6938
-5.9819 -8.5239
-4.8322 -9.6270
3.0992 0.7915
2.9519 -1.0710
2.2002 0.0546
-4.6460 -10.1910
-5.9581 -10.0430
-5.3509 -8.7373
3.5691 -0.1021
4.8550 -1.9727
3.0756 -0.6085
4.0589 0.2660
-4.1880 -9.0881
1.4504 0.5863
-4.7343 -11.7590
-7.2686 -10.8170
-4.2647 -10.7830
-2.3555 -7.8610
3.0645 1.5654
2.6924 1.0700
-3.8333 -8.7264
-5.2566 -9.7001
6.5619 0.8922
-3.9557 -9.1783
2.2148 -0.5987
1.4018 1.2465
4.5697 0.3072
5.4527 0.3169
-5.2717 -10.1950
3.5545 1.6989
-5.4292 -9.2056
-5.0547 -9.1675
4.8643 0.2073
-4.9075 -8.2340
2.9839 0.8559
-5.6461 -9.9169
4.7118 0.0999
3.6379 -0.0313
2.5923 0.1194
-4.8770 -7.9802
-6.1677 -8.2130
-5.1216 -8.5418
-4.8272 -7.5365
6.2560 0.6206
3.9365 -0.2125
1.8620 0.5565
4.2899 -0.0305
-6.3889 -10.2390
4.2357 0.2722
5.2614 -1.5959
-4.2674 -8.8387
5.2670 -0.2070
-3.7197 -10.2370
-6.0318 -9.0535
3.6696 -0.0417
-6.3276 -9.4124
-5.3248 -9.6432
3.5470 -1.8898
-4.1378 -10.5540
-6.9015 -10.5940
5.6856 -0.0750
3.6099 -0.9808
3.7091 -1.4800
4.3572 0.1931
-4.8182 -9.0175
-5.6701 -10.0110
4.0853 0.3262
-4.6575 -10.4060
5.6249 0.7588
4.8067 -1.9870
-5.3057 -9.5577
-5.4370 -9.5768
2.9051 -0.2730
4.2066 0.9972
-5.0092 -7.6149
3.1167 -0.3882
-5.4260 -10.1920
-5.5616 -7.7327
3.8685 1.1738
-5.4265 -10.5540
-5.9346 -9.6529
-3.8754 -8.8400
3.6547 -0.5435
-4.7311 -7.5075
-4.0656 -6.8515
3.6091 1.0642
-5.0449 -11.6210
3.1718 -0.5486
-5.8347 -10.4330
2.3919 1.3503
3.2530 0.7885
-4.9733 -10.6900
4.4793 0.1676
-4.9263 -9.8542
-4.4396 -8.2831
4.9327 -0.9666
4.1264 -2.0174
5.0432 1.2109
3.9876 -1.2865
-4.9763 -11.3410
-5.3372 -8.9916
5.1965 0.7778
-5.7673 -8.3629
-6.4422 -9.0130
-4.0240 -10.1860
3.9746 -0.5050
4.4734 -0.8142
-5.1915 -8.9694
4.7282 -1.2099
3.5226 0.8297
2.8043 -0.8856
-4.4052 -9.9760
3.8505 -0.2921
3.2326 0.4983
3.9173 0.4363
-3.0414 -8.1019
-6.4439 -10.5390
4.0371 -0.8232
4.9469 -0.8259
6.8957 -2.0499
4.5468 0.4912
-5.1253 -8.5808
-4.5841 -9.0079
2.7919 0.6986
-3.8938 -7.9071
4.5525 0.8789
4.9724 -0.5447
-5.4670 -8.5373
-7.5994 -8.9270
3.8223 1.6200
-4.5436 -9.7737
-5.2585 -9.2893
-4.8199 -9.7439
-4.3466 -10.5260
-4.9926 -9.6569
4.4649 -0.0385
4.6509 0.0995
5.2460 1.1473
2.8550 0.9147
5.2152 1.1297
3.3143 -0.9446
-3.3442 -7.4682
-5.3407 -10.4670
3.0379 0.3116
4.4617 -0.1208
-5.0721 -9.0314
2.9653 0.3304
4.2177 0.5883
-5.6378 -7.0771
1.1648 -0.6606
-5.4674 -9.4324
-5.1718 -8.2384
-6.9048 -9.7151
2.4804 -0.5547
-5.6602 -7.5819
4.7200 1.0928
3.8078 -0.3646
-5.2460 -9.6790
3.7339 2.2565
3.1353 0.1367
3.9491 -0.3104
2.2103 -0.0055
-6.0488 -8.2300
4.7844 0.1532
5.6174 0.2424
2.4121 -0.5121
5.7734 -0.2075
-4.3066 -10.3120
-4.5851 -9.9493
-5.4362 -8.4914
-5.8288 -9.5228
-4.6245 -10.4800
4.9631 -0.3000
3.9293 -0.5214
4.1428 0.2068
-4.8982 -9.3224
-5.4505 -9.1804
1.8207 0.2285
4.0431 -0.2216
-3.7906 -9.2496
-3.9609 -7.7652
-5.6271 -9.4082
4.4410 0.1054
3.7982 0.4661
-6.1996 -8.3696
3.9014 0.2450
4.7174 -0.4101
3.8891 0.0008
6.3644 -0.5489
4.5854 -2.0948
2.6517 1.2186
4.0273 1.1653
2.1970 2.2224
-4.4116 -9.6603
3.1955 -2.1188
3.7553 -0.7513
-3.5805 -9.8028
-3.7521 -9.8330
3.8186 -0.2747
-5.3400 -10.0490
3.7535 -0.5385
-2.4991 -8.9629
3.8989 -1.0289
2.4607 -0.0822
4.4760 0.1612
4.3942 0.3840
4.9815 -0.4446
6.8247 0.7329
-4.9743 -6.7470
-4.7872 -10.2890
-5.7506 -9.1430
2.7843 0.0632
2.6542 0.8559
-5.0745 -10.0440
-5.5061 -9.6764
-4.8461 -8.0916
-6.2657 -10.4410
4.8481 -0.2305
-3.6078 -10.4870
4.0722 -0.2459
-4.3896 -9.1520
-3.0146 -8.6431
-6.7427 -10.4440
-4.4370 -8.6922
-4.2781 -10.0810
-4.6505 -7.7636
4.9044 -0.0448
-3.3725 -8.8721
2.6127 -0.4551
-6.0707 -10.0870
4.0495 0.8812
3.8340 0.1474
-6.7866 -7.8985
4.1299 1.1182
5.0984 -0.2477
4.8915 0.8941
3.4894 -0.6126
4.0501 -0.3110
-4.3057 -10.7210
-3.7244 -7.5630
2.6008 0.6297
2.8055 0.1291
3.2020 0.7455
3.6276 -0.0522
3.9463 -0.2646
-5.4164 -8.9317
-3.2045 -8.5903
-4.2221 -10.1050
-5.7646 -9.9663
3.5520 -0.5794
-5.8759 -9.9358
-4.5464 -10.7480
3.7434 0.1960
4.0556 0.4750
-4.3015 -8.1755
-4.2771 -9.6540
-5.4280 -9.6462
5.1133 -0.4168
2.5082 1.8263
4.3884 -0.4791
4.1786 -0.5347
-4.5726 -10.8780
-3.7007 -7.6721
3.5453 0.4431
-4.7749 -10.7720
3.6220 -0.3414
-4.4152 -9.5719
4.9781 -0.0820
-6.6647 -10.1510
-6.0203 -10.5600
-5.1561 -7.4312
-5.2775 -9.8672
-4.8664 -8.2735
4.2924 1.1965
3.9472 0.2614
3.1936 1.2592
-5.4626 -11.6690
4.6153 1.2040
3.5268 -0.8219
3.6434 -1.0340
-5.3933 -9.4327
-4.6643 -9.0963
3.6935 -1.0352
3.6437 -0.7893
3.2976 0.9536
-2.6172 -8.1792
4.7796 -1.1417
5.3071 1.6465
-5.3915 -7.6197
-3.5547 -9.9864
5.7126 2.6662
-5.6646 -9.4828
-5.6792 -8.6285
2.8102 1.1721
-4.2109 -8.4938
3.0455 0.2945
3.6947 -0.5063
5.1903 -0.9020
-5.5479 -7.7707
4.1369 1.6666
2.9317 0.9782
3.8622 0.4178
4.4264 0.6279
-5.4706 -8.8085
-4.3131 -11.6480
3.2728 0.7052
3.1024 -2.1233
3.3509 0.5964
-5.9213 -9.8161
5.4121 -0.3679
-6.9727 -9.6183
1.6136 -1.0405
2.7238 0.0341
-4.8548 -9.9807
3.3498 0.2286
3.8616 -1.1551
3.6291 0.0432
4.6910 0.3109
3.4505 0.5411
5.7604 0.2871
-4.6972 -8.3643
-4.9378 -8.8135
-5.4622 -10.3560
2.4823 1.0014
1.7522 -0.5771
-5.4275 -7.2515
-7.0299 -8.6573
-4.7478 -9.0540
3.0325 -0.6496
5.7586 -0.8616
-6.3078 -8.5658
4.0263 -0.4310
-4.7593 -8.2095
6.6024 0.5623
-5.2084 -8.3515
4.2112 -0.0208
-4.1965 -10.5670
4.4700 -0.4757
3.5264 0.9504
4.2848 -0.5289
3.7340 0.8160
3.6097 0.6824
-4.3718 -10.2170
3.2526 -0.2589
4.4046 1.6156
-5.8071 -8.7597
-4.6334 -9.7786
4.2350 0.1411
3.9908 -0.0398
-3.7464 -10.3540
-5.2940 -9.9562
-5.0145 -10.1690
-6.0983 -10.5990
4.4169 -0.7830
4.4413 -0.3357
-6.1812 -10.4890
4.1660 0.3618
4.4597 0.0677
-4.2823 -8.1922
3.8376 2.3917
-4.4241 -8.0924
2.4414 0.2181
-6.3412 -9.4955
-2.5525 -9.8140
-4.7499 -10.7050
4.1683 0.2635
4.0304 0.0685
2.3571 -0.5289
1.8822 -2.4168
3.7183 -0.3667
-3.7628 -8.9916
-4.8399 -10.1290
3.8228 -1.0150
5.4382 0.4961
3.4280 -0.9726
1.5418 2.0519
4.2982 0.4964
-6.2860 -8.6496
3.6410 1.1393
-4.6794 -10.3040
3.8322 0.4319
-6.3522 -9.7381
-5.4321 -9.5225
-7.3865 -10.1010
-6.9087 -8.2835
-4.7351 -10.4050
-4.9424 -8.3580
-6.1266 -9.6392
-7.5001 -7.5723
-5.0116 -8.0444
-5.4683 -9.3309
-6.3995 -10.7390
-5.3514 -9.0730
3.2346 -0.6471
-5.2605 -10.0390
-6.6169 -9.2143
4.1094 0.7285
3.4329 0.0239
3.3757 0.8128
-5.8558 -11.1840
-6.1713 -10.2160
-6.0415 -9.3589
5.1472 0.4494
-3.1872 -9.9786
-6.4351 -9.4022
-5.8818 -8.4188
-6.0662 -9.2102
-5.7729 -10.3770
-5.0116 -7.4498
-4.8950 -9.9650
-4.4449 -10.0620
3.7323 -1.1804
-5.8083 -10.2650
3.9848 0.0014
6.0495 0.8169
3.7082 -1.8165
2.5073 2.2805
5.0107 -1.2150
-4.6138 -9.1387
4.4975 -0.0714
5.2461 -2.1142
-5.1289 -9.3423
-5.8012 -8.8431
2.5784 1.1304
3.2345 2.0635
2.8387 0.2447
5.2703 -0.2332
3.9739 1.1554
-3.7974 -7.8991
-5.5039 -10.7100
-5.5267 -9.8715
4.1276 1.5100
-5.7143 -8.5566
3.7009 1.7705
-4.6939 -8.1764
1.8694 -0.5771
-5.2068 -8.9848
3.8221 -1.0279
-6.0944 -9.9822
-6.4677 -7.7098
-3.0838 -9.0399
-3.1387 -9.5705
-4.5386 -9.5872
1.9616 -0.4320
1.6918 1.9585
-5.1178 -9.5422
-5.0992 -8.7677
-5.6142 -9.7786
-5.1296 -8.7308
3.9124 -0.7090
3.0339 1.2507
-4.4694 -10.3830
3.2445 1.6946
4.2369 0.6664
3.1194 0.3012
2.7877 -2.3567
-7.0737 -10.1800
-4.9311 -8.7233
3.1915 0.2885
-4.2547 -11.1750
4.4851 1.3146
3.2421 -0.5390
3.9929 -0.8536
-5.9082 -8.5477
-6.1220 -8.8375
3.9911 0.1806
4.4146 0.6417
-5.2080 -10.7980
-5.5429 -7.9062
-5.9273 -8.9292
3.2879 -0.0342
-5.5629 -9.9643
3.9359 -1.1391
-4.1624 -7.3794
5.8343 -1.3990
-3.6790 -9.9924
3.4209 -0.2131
3.9150 -0.5764
2.8489 0.9111
2.1357 0.9036
-6.8880 -9.3024
3.4137 -1.5701
-4.3160 -9.0721
1.6918 1.1632
-5.3199 -10.6020
3.7277 -0.3020
3.8751 2.0986
-6.8449 -8.7102
1.9005 -0.1966
-5.8685 -9.3977
-5.0190 -8.9013
6.1635 0.0100
4.1056 -0.5673
-5.2308 -8.5368
-4.7005 -7.8047
6.1971 -0.4192
-6.1109 -6.8017
-5.8019 -8.4251
3.6170 -0.5175
-3.6632 -9.5970
3.5635 1.2336
-6.4599 -7.4233
-4.6907 -10.3950
-4.5929 -10.0190
5.2477 1.7744
-4.4872 -10.8550
-3.7084 -9.0022
-4.4880 -8.6021
1.5729 0.3805
3.2093 1.0001
5.2624 0.9408
5.5677 -0.4835
-5.5862 -8.0180
2.3413 0.9569
4.5372 -0.2527
-5.8107 -8.2435
-5.4465 -8.4532
-5.4345 -8.7188
-4.2260 -9.0241
3.9472 1.7722
-4.3782 -8.0236
-5.6114 -10.4560
-4.3619 -8.3337
2.7594 0.2706
-4.2894 -11.0690
2.9106 0.4919
-4.0092 -9.0699
-3.9189 -9.5653
3.6473 -0.6579
-5.6004 -9.4311
-4.2557 -7.6079
2.3659 -0.4904
-5.2604 -8.5819
-6.4317 -9.6528
4.0040 0.5111
-5.5166 -11.1990
-5.4764 -10.2750
-5.1064 -9.8604
-5.8709 -10.2600
4.2995 -1.3218
2.8602 0.1304
5.5106 0.1978
-3.4655 -9.8978
-5.5206 -9.9545
-5.1675 -11.1570
5.3414 -0.5936
4.8480 1.2294
2.2268 -1.0824
-7.1333 -8.3499
5.0823 -1.1964
-5.0859 -9.9083
-4.3316 -7.9766
3.9900 -0.7972
4.0219 -1.6526
5.0566 -0.3213
-6.2780 -10.0070
-4.7973 -9.2647
-5.0293 -9.6807
2.2526 0.8323
4.5833 -0.0838
3.8184 2.3233
4.4057 1.2850
-3.9600 -9.2532
-4.0864 -10.8130
-7.3861 -9.1264
4.3888 -0.1105
-5.9048 -10.5690
-4.6499 -9.5248
3.6742 -0.3510
-6.2534 -10.0120
-4.7608 -10.0980
3.9417 -2.6311
4.4054 -0.0162
4.9440 -0.4235
2.1102 -1.0264
-4.9202 -8.9952
-3.5707 -9.3382
-5.7415 -9.6969
2.3221 1.0429
-5.8031 -8.0635
5.4424 -2.3942
2.4519 1.6646
3.8984 0.1558
3.4992 1.1755
5.2378 0.1628
4.0199 0.2387
-4.1691 -9.9037
-4.3819 -10.0140
2.8456 0.5682
-5.1163 -8.9567
-3.5327 -8.9555
4.3316 0.0777
-4.8876 -9.4447
3.7693 -0.7975
2.9938 0.7045
-6.6946 -9.7705
1.6833 0.5875
3.5757 0.7475
-5.7074 -8.7476
4.9696 1.5746
-5.7647 -9.5831
2.1589 -0.2906
3.8961 0.1932
4.4532 -0.4785
-4.1916 -9.4063
3.0113 0.1787
-4.5004 -9.1346
4.9220 1.2079
-4.8046 -8.6343
4.6342 -0.5471
3.8702 -0.5535
-4.4598 -8.6769
-3.9867 -9.6812
-5.7430 -9.2392
-4.8458 -8.3642
3.5278 -0.1090
-4.9725 -9.5192
-6.0744 -11.0260
-4.6093 -8.0850
3.2101 0.3076
-5.2808 -7.4576
-4.9626 -8.4709
4.0114 -0.0925
-6.9041 -6.7403
-5.7880 -11.3540
-3.3133 -7.9047
4.9929 1.6672
6.5821 -0.2165
-4.5237 -8.6894
-5.0446 -8.5655
2.9359 -0.4533
5.3621 -1.5131
-4.8196 -8.7933
3.1583 -0.9439
6.7180 0.0527
3.0068 -0.2866
-5.9577 -8.2969
-5.1576 -8.6235
-6.5642 -9.5401
3.6911 -1.4758
-4.7051 -10.3580
3.6554 -0.7069
-6.5028 -10.2870
-5.1176 -9.3905
-8.0422 -8.6663
4.7988 -0.1206
3.5219 0.3495
-5.5669 -8.7826
-5.3136 -8.6493
-3.2879 -8.5488
4.7934 1.0387
-2.9301 -11.0650
2.8067 1.5093
-4.7298 -9.6840
-5.1922 -7.2820
5.3452 -0.7263
3.6633 -0.9492
4.3640 -0.7914
-4.8565 -9.6966
5.1268 -0.6024
-6.0610 -9.9299
3.1971 0.4515
2.6394 0.4063
-4.2634 -10.0030
2.8986 -0.7067
-4.0852 -10.2280
-4.9301 -11.1290
3.0162 -0.0891
4.0877 0.4683
4.6430 0.4449
-5.9463 -8.0571
-4.5704 -9.6953
3.5830 1.6061
-5.6594 -9.5788
4.6752 -0.8307
1.1349 -1.2967
3.5812 -0.1647
-6.1523 -11.0780
-6.2612 -9.2938
-4.8206 -10.1400
-5.7953 -10.0980
3.4794 1.1091
-5.7238 -9.2678
-4.5932 -8.7391
-3.7819 -8.5076
-2.8343 -8.3320
4.3297 0.2330
5.0028 0.2954
5.4689 -0.4302
-3.7926 -9.3910
-6.8025 -9.5654
2.8759 -1.2917
-5.4512 -9.7419
-4.1042 -8.5806
3.3522 0.1773
4.2149 0.5489
-5.4664 -7.7478
1.9063 0.7893
-5.3879 -8.1409
-5.1972 -8.8631
2.4514 0.3266
-5.0964 -11.0300
3.7170 0.1723
-5.3325 -9.1250
4.5811 0.2202
-4.0625 -9.6765
-7.7166 -8.0482
-5.4557 -9.1144
6.4416 0.5738
2.8437 -0.0009
4.4265 -1.4001
-3.3263 -6.6689
3.3535 -0.1348
3.6227 -0.4492
-5.7507 -9.7797
-4.1634 -9.1764
3.6719 -1.0690
-4.5700 -10.2260
5.0687 0.3861
-3.5393 -10.1420
-4.0869 -9.2326
-3.4080 -9.7186
3.3867 -0.6613
-5.2636 -9.8052
5.6870 0.0455
3.5053 -0.0766
-4.9442 -8.5870
4.1672 -0.9891
-5.6935 -10.5160
-6.0054 -7.3225
-6.7878 -9.4317
-3.7445 -10.6370
5.5184 -0.3023
2.9938 1.8206
6.0340 1.2230
-3.1245 -9.7170
-4.3553 -7.8187
-4.9604 -10.7010
-4.2994 -10.0100
3.3352 0.0218
-4.2982 -10.1380
3.4590 0.8056
-4.3114 -8.5222
2.8868 -1.4595
-5.8769 -9.8118
4.2055 -0.1709
-4.9582 -11.4780
-5.1959 -8.9652
4.3566 0.0512
2.6093 2.6527
-4.4359 -9.1656
2.5242 0.9684
1.9377 -0.2114
-5.9833 -9.7376
-7.0964 -8.2659
-4.3451 -9.4166
4.3716 1.2936
5.4335 -1.1371
4.5111 -1.6798
-6.1816 -10.4870
-4.7886 -8.5893
-6.5406 -10.1240
2.5688 -0.0278
-5.5620 -11.5110
-2.5429 -8.9614
4.3799 2.6295
-5.9709 -8.8664
-4.4994 -8.4621
3.7707 -0.5328
-5.6738 -8.5183
2.1690 0.6927
3.9940 0.0198
5.0971 -1.6578
-6.7174 -9.2991
2.0532 -0.1417
3.4533 -0.5021
3.9293 0.4314
2.0229 0.2584
-6.3416 -8.4792
-5.4086 -9.8324
1.8026 -0.0408
-5.2529 -8.9067
-4.5720 -10.3540
-5.0027 -9.0846
-4.1746 -9.6539
5.2383 0.9658
-5.8524 -7.7744
3.2467 -0.7536
-6.5309 -10.3910
1.7664 -0.3507
5.3865 1.1427
5.3334 -1.0459
2.5689 0.4429
3.1886 -0.4071
5.2268 0.3406
-3.9678 -8.8527
-5.6961 -9.4716
3.4588 1.1942
-5.3955 -10.5940
-4.3002 -9.8701
3.6087 -0.4680
-5.4368 -9.6323
-4.8774 -10.5290
4.1847 -0.0314
3.8464 1.4276
3.4890 0.2423
3.5187 1.3688
-4.8154 -8.5004
-6.0073 -10.5400
-4.1469 -8.6938
2.6483 -0.9567
4.2288 1.5700
-5.9120 -9.1899
-4.4333 -8.3680
-6.3283 -8.7470
4.4248 0.0792
-4.1061 -9.3402
4.6735 0.2922
3.9137 -0.3010
-5.9979 -8.4677
-4.6104 -9.2097
-5.1317 -8.6384
-5.6604 -11.1490
-5.0794 -10.2890
-6.3759 -10.2370
2.0755 0.5277
3.4409 1.4991
-6.3961 -8.9297
3.6926 -0.8831
2.0484 -1.2312
-6.2115 -9.7040
2.6409 0.2585
-5.4360 -8.5099
3.3767 0.5121
6.7158 0.6860
-5.6125 -10.3160
5.5302 0.0889
-5.7201 -10.5060
-4.9669 -9.4650
4.8412 0.8545
4.5452 -1.3707
3.3922 -0.3286
-6.7330 -9.3697
-3.6875 -7.9074
-6.0527 -8.3087
-6.5944 -9.4251
3.6193 -0.0181
-4.2114 -8.8903
4.7942 0.0827
3.3815 0.1403
-4.6738 -9.1087
-2.8039 -8.6603
2.7951 0.3616
-4.8608 -9.1930
3.6551 -0.7484
-4.9937 -9.4354
3.2330 1.3163
5.2931 1.9037
4.2414 -0.8213
-4.4372 -9.4319
-5.8118 -8.0556
-5.4806 -9.4133
4.5193 -0.3619
5.1949 -0.0607
4.8115 -0.3459
-7.1981 -9.3610
-4.7685 -8.4957
4.3568 0.4548
-6.0377 -9.3414
-5.2979 -10.2930
2.7302 -0.6876
5.3516 0.1787
-4.3352 -7.4269
3.1792 -0.5827
-4.9983 -11.0640
-4.5095 -11.9410
-6.6503 -8.8128
3.1410 -0.1310
3.2079 -0.6757
4.5895 0.8963
-6.2746 -10.2620
-5.5662 -8.4017
-4.0710 -8.2207
-6.0480 -9.0584
-6.2289 -9.9079
2.9652 2.2260
-4.4646 -9.0262
2.1778 1.5251
3.1421 0.9537
-7.1456 -9.8424
-4.7153 -11.0820
3.9774 -1.6467
3.3836 -0.0232
-6.1956 -9.6745
-6.5360 -8.6892
-4.9525 -7.9281
4.1383 1.3865
-3.9153 -11.3290
-3.9026 -9.4378
5.8176 -1.9062
-6.0050 -8.3926
-5.0449 -10.5280
4.9292 0.0028
-6.1598 -9.3762
-4.8982 -10.7270
-5.8560 -9.0556
-5.6809 -8.6566
4.1720 -0.9307
-5.9304 -10.4480
2.1949 -0.4762
-4.4397 -9.7861
-4.2352 -9.4087
-5.6324 -9.2191
4.1994 2.0179
-5.0389 -8.8082
-4.3297 -8.6647
-5.8251 -10.0740
-4.2694 -9.6806
-5.7419 -9.0544
3.6037 -0.9368
5.1883 -0.8119
3.8311 -0.5357
3.9511 1.2720
3.9915 -1.4444
-6.8063 -9.2414
-4.5530 -9.7722
-4.3790 -9.7398
-6.4562 -8.9958
-3.9374 -7.8951
-4.7471 -9.8658
4.9084 -0.4347
4.8421 0.4254
4.7888 1.0675
4.3878 1.0414
2.0748 0.4470
4.2162 1.7808
-3.5529 -7.8525
2.8298 0.7532
-6.1275 -8.3855
-5.9341 -10.4650
3.1480 0.2316
5.9538 -0.1806
-4.7858 -8.7537
-4.3906 -8.9670
3.3838 0.7228
-6.0379 -8.9932
-6.9349 -8.6500
4.6009 -0.1606
-5.4945 -9.6498
3.7720 1.6338
3.3034 -1.6897
-6.8556 -9.4853
-5.2657 -11.1040
-6.0947 -8.8355
2.0112 -0.5155
3.8838 -0.8582
5.1075 -0.4641
4.0218 0.6875
5.0544 0.7599
3.8916 0.1251
-5.6516 -10.7720
-6.1242 -9.6464
3.8781 1.0333
4.2901 0.9077
4.3017 -0.5561
4.9729 0.7430
4.5895 -0.3613
4.1852 -0.3635
3.3091 0.4227
-6.1959 -8.6703
3.4392 0.2866
3.3058 0.7224
4.5787 0.5137
2.8739 1.8019
-4.6391 -10.2350
-5.1753 -8.7048
5.6568 0.5786
-4.1107 -8.5456
4.5242 -0.6869
2.6848 0.7623
4.5321 -1.1539
4.0777 0.5959
1.9468 0.7430
-6.1418 -9.7301
-4.0887 -8.4655
3.7283 0.3798
5.6122 1.2315
-4.2160 -10.1100
4.7600 0.6392
4.6319 0.3494
-4.7058 -10.0670
-5.1005 -8.5041
-5.9562 -8.8681
-4.8236 -9.3382
-6.3303 -9.3930
-4.0698 -10.0420
4.9131 2.0781
3.1584 -0.9856
-5.1662 -9.2882
4.3791 -0.7981
-5.3610 -9.1319
-4.9615 -8.2109
-4.4238 -9.5408
1.5406 -0.6656
-4.1447 -9.9537
4.0211 0.3585
4.0157 0.6934
4.7982 -0.1598
-4.6074 -9.0959
-7.1854 -8.1067
-6.8558 -10.3480
-4.8319 -8.8705
3.5300 -0.1751
-5.9003 -10.2280
-5.4030 -9.9698
4.7250 0.3946
-5.7659 -8.9276
-7.2372 -9.7725
-5.2819 -10.7490
4.4720 -0.4842
-5.4802 -7.5948
-5.4509 -10.1510
4.3150 -0.7193
4.5158 1.2911
3.0409 -0.3700
-5.0727 -8.4415
3.6431 0.5513
4.8115 -0.2620
-6.0693 -10.1810
-4.2794 -9.0799
4.8385 -1.1170
4.7981 0.2533
3.3879 0.8670
-5.5217 -8.9461
2.8328 0.4767
5.5729 -0.0399
5.1823 0.4684
-5.7096 -8.7934
-5.3646 -7.8385
-7.3849 -10.0160
-5.5701 -8.5416
3.1247 0.2775
-5.0599 -10.0670
-4.9076 -8.9350
4.2659 -0.8611
-5.1324 -6.6924
2.6056 0.7620
5.4769 -0.1248
-4.7358 -8.2081
-3.9263 -8.5672
-6.7352 -9.0246
-6.6949 -9.3029
-5.8192 -10.6350
2.9886 1.7281
3.8703 -0.0282
4.5977 -0.9154
-6.2385 -11.0870
-5.3078 -9.9090
4.7331 -1.0350
-4.5123 -9.3090
3.9891 -0.0875
3.9986 -1.2958
-5.6140 -9.4514
3.3281 -1.1467
4.6404 0.3176
3.3596 0.0829
-5.0923 -9.1121
-4.0546 -7.9112
-3.6663 -9.7108
-3.0979 -10.5560
3.8256 0.3216
-6.1924 -11.0160
-4.0676 -9.1316
5.5680 1.2975
4.6146 -0.4034
-4.0403 -9.3978
-5.1507 -8.0779
3.8373 -1.6036
-4.1736 -10.5680
-6.7331 -8.7398
-3.9641 -8.0872
3.2259 1.6913
2.7351 2.9525
5.6092 -0.0881
5.5961 -1.9947
3.0742 0.7381
-5.4042 -10.7680
-4.9417 -11.0890
3.9914 -0.4722
-6.1090 -8.7935
2.9414 -0.8414
4.0202 0.8758
2.1475 0.7185
-4.9935 -9.2008
-5.3300 -11.2740
-5.7967 -9.2361
-5.6481 -10.1070
2.8700 -0.5374
-5.3282 -9.5919
1.7594 -1.6570
2.8189 0.1292
3.4643 -0.6259
-5.5543 -11.9400
-4.8859 -7.5675
-4.9749 -9.4263
4.6114 -1.4683
2.6621 -2.1931
3.1675 -1.1310
-5.1580 -8.2323
3.6986 -0.1060
-5.6674 -10.2620
-5.5884 -9.5391
2.8831 -2.4734
4.2480 -0.7644
3.9167 2.9819
4.6283 -0.3328
-5.0697 -9.5848
4.2939 0.5252
2.4466 0.5899
4.3053 0.2593
-4.8289 -9.5132
4.2274 -1.1081
2.9901 1.1348
-5.8198 -9.5135
3.6359 1.4825
-5.1989 -9.0148
3.3316 0.7694
-6.3520 -10.1920
4.1076 0.4280
-3.6690 -8.9925
-5.2177 -9.2005
2.0942 -2.9150
2.4263 0.8760
-6.2040 -9.2516
2.8017 1.9440
3.0674 0.8591
4.3727 0.2519
-4.6426 -7.4013
4.3379 1.2856
-4.0670 -10.2830
5.0609 -1.4154
4.5055 1.3171
-5.7451 -9.0950
2.7910 0.4373
-3.3714 -9.8298
-6.9923 -7.5285
4.7275 1.1173
-4.7159 -8.6490
2.0742 0.2559
4.9418 1.0026
1.8637 -0.0488
3.0222 0.0043
6.1383 -1.6941
4.5591 0.7040
-4.6853 -8.9202
4.4899 -0.9433
-6.7812 -8.3629
4.1777 0.9687
5.2865 0.0185
3.5105 -1.1126
5.2460 0.4996
-3.7445 -10.3470
-5.1627 -10.0350
3.2516 0.8221
-5.2028 -10.4110
-3.9577 -8.8532
-6.9719 -8.4535
3.9126 3.2401
-6.1955 -9.5094
-6.2000 -8.0944
-4.9098 -8.2575
4.5293 -0.9183
3.7401 0.0444
2.0662 -1.8946
-3.1045 -8.6674
-5.2929 -9.0727
2.3043 0.1045
-3.9487 -10.4070
-4.4093 -7.1793
5.1928 0.3285
4.6903 -1.2595
-5.2877 -9.0313
4.0262 -0.0187
4.1022 -0.1696
-4.4546 -7.6514
-5.9894 -8.9132
-5.4006 -8.6322
-4.3415 -8.7645
-4.6607 -9.0522
4.0702 1.4805
-5.3799 -8.3390
3.7052 -0.8717
3.1328 -0.1356
-4.5720 -10.2100
-3.9339 -8.9735
4.1474 -0.3385
3.6929 0.2679
2.7924 -2.4166
-4.3005 -8.9199
-6.2001 -9.6896
-4.6216 -9.0057
-3.3966 -9.5517
2.9918 -0.5835
-3.9765 -9.6506
5.2817 0.3118
-5.6949 -10.2400
-4.1817 -10.0590
-4.1973 -9.9443
-6.0507 -7.3103
-4.0916 -9.0001
-3.8370 -10.0470
-6.1207 -9.2601
-5.3555 -9.1931
-5.9328 -8.2234
5.0792 1.0474
-5.1760 -7.6839
3.8936 0.9579
4.1973 0.8579
-4.3169 -10.9270
2.8209 -0.6552
3.5311 -0.5385
-6.6990 -8.8004
4.6828 1.4007
-6.1866 -8.9621
-5.2239 -9.4301
-5.1419 -8.5058
4.1828 -0.7067
-6.9953 -10.2930
4.2144 -1.0168
3.9912 -0.4187
3.4644 1.6032
4.6033 1.1744
-3.1908 -9.5437
-3.7309 -9.1349
5.2919 0.1569
-7.0685 -7.5454
3.8690 -0.8438
5.5628 0.4620
-5.3011 -9.7179
-6.8160 -9.5809
-6.1043 -9.4558
-6.0770 -9.2523
-5.4995 -9.0539
-4.1012 -10.6410
2.8405 -0.8115
4.1092 -0.4483
3.6807 -1.9994
-4.9536 -10.6200
-5.6209 -8.6622
5.0651 -1.0294
-6.0260 -10.8130
4.4647 0.9091
4.8546 1.3555
5.9292 0.6783
4.0539 -0.1037
3.8011 -1.2886
4.5172 1.6733
2.8986 -0.7387
4.6501 -0.9579
-4.8665 -10.7630
-4.2409 -7.7067
-4.3180 -7.8717
-5.8524 -9.6314
-4.8856 -10.1490
3.7483 1.5593
1.9967 -0.1131
1.5180 -2.1046
-5.7504 -10.2550
-5.3485 -7.7719
4.6448 -0.4958
2.4083 -0.2193
3.6151 2.2053
3.5467 0.7883
-5.9225 -11.4750
-5.0840 -9.5167
4.2958 1.0017
2.6173 -0.3204
-6.1283 -10.2520
3.5015 0.6721
-6.7140 -9.0369
3.8425 -1.1770
-5.5523 -9.9349
1.1270 -1.6165
3.7035 0.7270
-6.1616 -11.0840
-4.4397 -9.3506
-8.0279 -8.9741
-4.9469 -8.1285
-5.1810 -9.2739
-6.7213 -10.3030
-5.6901 -9.1700
2.8535 0.4765
-4.7666 -10.1950
4.7064 -0.0272
5.3616 -0.0307
-5.0989 -8.5481
-7.1291 -8.8056
-6.7998 -7.8506
3.1437 0.7851
-4.2345 -9.7723
-4.4963 -8.7974
-3.9496 -10.9520
